$ANSIBLE_VAULT;1.1;AES256
30613566326532613235643863643061666535326538303961656161383562613538666335353338
3732646138623733353131626236616662303661626266620a373630623662346430623734656131
66363662643339383161663664396338633130383566323936653861363830393833653939623563
3431316239313237610a303866396566656638613136626438373364326235346639643466323937
66623562353539363864646639613036306335316138616332656263393564616463323839306531
66636465626539366661343261633530633337653030633864663135323033626333316166366535
65326137623864643265393465383139396538363835356232303162383935356139333738343230
34363136343137646566653635376663343939316436613762313337353936656236366162383232
39663239396633373066323638666135623964393361666539303032343539383335313936333739
63313266346562646433303238303232386435643562343164346533323265313136653263393734
66333636386336623265333263636132323331326663396436326230636236316136323265383236
32646165386631353538333365383964646163623631333762333961343733393135396563313363
63663334333163663735323064353166343930343639383930393061623966656665346636613665
3332336361646631316431653635666536336538633936663365
